6612
139705
22353
20448
43792
456
15120
20435
15399
896
2260
340975
3264
456
25746
26850
10528
95107
22405
912
5865
1266
260
1266
14100
14703
8300000
456
240
240
240
2349
240
240
240
200
200
160
160
160
160
160
160
160
160
15048
160
13058
720
208
120
120
120
120
120
120
142309
30522
120
120
120
19322
120
120
120
120
100374
120
120
120
120
120
120
120
120
120
120
120
120
120
120
11442
120
11356
120
120
7336
120
7397
11402
7962
1948
120
120
7609
120
7599
120
120
120
6241
65200
9286
456
6248
4185
136
1027
80
5244
6076
709
4216
534
9599
4851
80
27012
162
162
80
2528
1031
18351
2739
456
152
380
80
9269
5777
112901
115115
7611
122
23686
359
841
80
184
43862
1031
138
80
359
7357
11484
1923
1264
2003
1909
154
4454
80
6892
5297
7357
11443
9284
4914
2804
2528
150
80
1027
150
150
146
146
6109
31229
359
532
80
4423
344348
2077
168
7293
11109
80
311
3039
5776
113733
113085
7611
1031
2784
7192
80
8936
9268
7028
802
5786
9232
80
9229
6472
6472
6472
13792
2528
1027
80
7639
184
271
271
1030
3056
7697
80
192
9312
25306
440
6128
6872
80
132
132
1087
854
1027
224
5712
4957
476
115318
184
113344
1181
80
7984
7008
213644
9877
8122
4102
80
2059
2055
943
943
2528
5109
152
6976
17476
10841
339402
1031
906
1062
128
80
7562
4863
6080
2557
29870
38600
9271
128
534
742
80
6807
5051
80
40372
104
156
1031
3059
80
418633
1237
962
7446
8055
998
9275
679
2852
2528
80
146
146
146
146
146
5120
146
146
146
146
146
146
146
146
146
146
146
146
146
146
146
1031
146
146
146
80
273037
359
80
892
264
351
184
271
132
276
944
7357
80
11444
1031
9229
1069
138
138
138
138
138
138
138
138
138
138
138
138
138
138
138
138
138
138
138
138
138
138
138
138
138
138
138
138
138
138
138
80
138
138
138
138
138
138
138
138
138
138
138
138
138
138
138
138
138
138
138
138
138
138
138
7397
11445
184
2528
3290
80
1039
80
7292
11112
80
462
9287
13027
709
709
12257
534
376
3746
1027
80
1676
6318
138
138
4144
1231
80
2528
886
110459
80
152
1259
1027
5297
80
132
7673
359
152
80
343
9245
17077
1027
80
7036
157188
926
1539
2528
80
7651
534
884
192
80
3513
1027
6011
2573
192
9268
80
1209
8006
3871
5328
192
260
104
80
3203
476
138
138
138
9851
789
1992
12111
1031
80
2528
80
38056
1612
7128
8605
9270
10461
8478
7756
7173
5975
6790
138
5030
504
5264
80
359
1031
128
192
2006
80
7037
5349
7396
11403
80
513
9270
1031
138
1083
7357
11496
80
2528
3319
80
5067
80
1035
7292
11111
12976
152
1470
20367
80
6988
128
9340
392
12430
80
3202
1027
138
468
80
2528
3050
722
15520
3841
1011
1690
8026
2426
264
5608
144
7037
112836
112858
7507
80
6988
462
9285
5048
172
80
1031
117254
5448
1117
6038
56244
645
460
80
6988
80
1035
110995
886
2528
8665
80
9270
4464
602360
2077
80
1027
80
115595
113403
7611
7592
224
80
192
192
7036
9340
7341
80
1027
2528
3170
3460
80
6988
1804
3037
3440
9358
80
192
6563
359
808
1027
6931
2102
80
974
6688
79468
7397
11404
7851
9286
5712
7259
4905
7496
115316
115599
7651
476
7545
3239
6988
5349
6512
6605
6533
80
192
1104
864
6533
250788
256355
7357
11441
696
8944
6472
11169
6563
9262
80
2528
1031
100436
274729
6757
192
902
4215
5725
281107
150
146
146
7293
11110
6874
504
534
709
9288
6054
7036
3914
1035
10332
2575
581
630
680
871
132
132
1104
864
6533
132
132
884
474
2528
1035
506
709
1152
5067
920
128
1129
462
9231
144
1027
459
9097
519
1071
152
2528
11037
1027
7089
92974
4725
9230
534
17404
1027
11898
5868
920
1128
6388
2528
9308
359
985
985
3090
1027
7613
114936
4966
33891
29064
576
7691
7397
11401
1031
540
1452
6370
9286
7036
7397
11484
2188
61753
8226
8456
2528
1031
128
21765
3368
56503
4725
7293
11110
645
55969
546
527
9331
886
110705
476
2985
1031
5950
2528
43005
835
5266
999
4554
4396
1688
4511
1522
930
1027
16750
9310
7037
138
138
116
192
319
9618
399
1027
4471
1104
1700
864
6533
4206
2528
9287
1024
4831
7140
4111
1089
4905
7196
7878
1600000
385375
274980
4193
1031
4245
5229
5066
5396
104
118015
1031
9286
7255
2570
237600
5588
534
2579
4538
2528
1198
1148
152
1613
5648
108340
114350
7037
7787
1024
7652
472
80
80
184
80
342
2046
818
6790
797
152
68082
152
152
8924
14284
44744
7374
948
3477
6452
7753
8434
2649
636
1031
7291
120
12327
637
1023
6262
4881
228
228
4883
972
7439
120
1260
6194
5648
4999
120
12964
3144
922
4881
2233
868
1491
9338
7357
11403
146
146
146
146
924
1027
7397
11444
152
152
152
12327
637
2649
532
152
152
152
8908
7087
10409
6825
6825
8115
6825
116
116
12400
10036
9367
7972
5752
6472
7389
11287
2528
12327
637
2649
636
136
344402
4424
2077
9286
874
1806
7293
1869
11020
1031
5908
4917
115600
113699
7611
3180
1908
3236
152
152
152
24174
152
152
152
6732
7611
7787
1576
6790
12327
637
7037
7320
1031
2528
192
9286
192
3444
4290
192
152
152
152
12327
1031
637
152
152
152
12327
637
1357
854
276
565
565
894
988
942
890
942
890
942
795
795
795
795
795
946
1007
454
276
276
276
276
276
276
276
567
276
1141
276
276
414
414
1345
276
276
414
5869
414
414
414
414
454
4865
414
276
276
276
276
276
414
276
454
454
276
276
414
276
1293
276
276
276
113379
1141
276
454
276
276
276
476
276
276
276
276
115324
414
1345
466
414
414
466
466
414
414
414
414
454
414
276
414
276
466
7850
276
276
276
276
466
454
506
414
1293
276
414
276
414
454
454
414
454
454
454
414
1161
414
454
414
1313
414
414
506
414
454
454
1261
466
414
414
414
414
414
466
414
414
414
414
414
466
454
454
454
506
454
276
414
414
1157
1209
3325
514
1198
276
276
276
276
276
506
276
276
276
276
414
276
1350
414
276
276
414
414
454
466
466
466
276
276
466
414
276
276
506
276
276
454
276
1298
276
414
276
276
276
276
1146
276
276
454
276
276
276
276
276
276
1350
466
466
466
414
414
466
466
414
466
414
466
454
276
414
276
414
276
414
276
276
276
454
454
276
276
1298
466
414
414
454
454
454
466
506
506
414
414
1214
506
1366
466
414
454
414
466
454
454
1314
414
414
414
414
414
414
414
414
414
414
466
466
414
454
506
454
506
506
276
414
414
1162
1214
17568
276
276
276
276
381
276
276
276
381
276
192
276
276
381
276
381
381
276
433
381
381
381
381
433
276
276
276
381
381
276
276
381
381
276
276
381
276
381
276
276
276
276
381
433
276
276
276
276
276
276
276
276
381
433
433
381
381
381
381
381
433
381
381
381
381
276
276
381
381
276
381
276
276
276
381
381
276
276
381
381
433
381
433
381
381
381
381
381
381
433
433
381
433
433
381
381
433
433
433
433
381
433
433
433
381
381
381
5753
433
19813
381
433
433
381
381
381
359
381
381
381
381
381
276
381
381
1233
902
306
306
306
8080
306
306
306
306
661
5423
968
1008
1008
1060
1008
1008
462
146
146
1008
1008
1008
1008
1008
1008
1008
1008
1008
1008
917
917
917
917
917
146
146
146
146
1027
917
917
917
917
917
9279
2528
917
917
917
917
917
516
945
5656
152
152
152
12327
637
11410
152
152
152
4704
12327
637
29293
3505
6086
1027
152
7037
5426
534
1083
5944
29843
17240
20354
9269
2804
152
152
152
152
152
152
12128
637
132
132
9544
12128
637
1031
2528
477471
4623
88762
18446
4689
6219
138
1266
19466
5563
156766
7430
5664
5567
4705
3528
1044
3454
1044
1004
1180
599
136
136
9569
27825
129573
1027
9287
13804
12130
637
152
152
152
6541
7397
11443
6790
23735
12128
637
2649
532
144
132
132
8652
44885
6666
7640
7357
11356
2825
1027
2528
7037
9436
9270
162
8687
12128
6472
637
6472
6472
14413
6671
152
6264
4705
270
152
180
5572
4485
152
9923
14159
933
5698
11227
9281
14480
17462
6819
27601
7293
11110
18843
542
180420
5423
1741
104
9845
10436
12326
637
2649
636
6165
51303
7670
29762
8608
17244
31580
7884
439
8215
5727
7822
7545
11408
13096
1031
9312
5083
213228
10022
104
16999
460
5475
172
172
5423
104
38261
8927
9852
40603
9720
5802
6292
537869
80
80
444
80
184
442
5959
319
24605
4829
12518
4800
5028
5788
5040
4509
6528
4641
4196
6373
7096
7096
11541
23006
6494
440
359
182210
6253
7239
5603
4149
4051
1616
5879
239958
120419
22528
208312
285283
17906
65897
8972
5377
7372
7408
7363
5797
22733
5959
9246
2528
7067
1027
3149
2058
2059
2043
2055
6130
16823
15086
9009
7103
104
91925
5097
7234
5051
146
8539
6843
1788
1022
7106
12321
637
7823
5463
2806
8250
7861
1868
9470
7189
192
1027
6437
61430
323
25306
6375
7897
10739
1151
11969
4641
5662
5828
7234
23434
14848
14986
152
4113
2125
9297
30160
154
7089
146
5851
4192
120
4245
7915
2528
1031
192
623
192
8383
2750
4244
1703
912
192
192
5039
9270
192
476
1031
6954
5269
311
6952
7211
10983
6943
7959
5019
2769
7911
7279
359
6590
160
160
128
2528
2821
7969
8374
9063
7210
160
160
1031
160
1742
5468
3231
3233
3230
2094
2089
6643
160
457
1674
6555
132
8160
7037
7397
11395
9270
3310
1031
1569
359
7397
11403
17246
4444
5484
1015
2528
1027
11940
138
138
138
1059
1363
6693
7544
11447
41541
1623
7293
11112
6845
9310
1075
6220
5152
1127
1378
7830
6988
4891
5389
1027
152
138
7747
427
27742
10109
13459
2528
688404
2254
1409
3288
8139
12867
5380
8094
23116
114813
86885
116624
7758
20303
426882
30827
72229
1400000
47472
7548
23293
376
8144
5608
114800
113035
9337
1077
7037
624
1236
1191
160
116
6640
160
1027
4141
45279
394
7784
3128
192
11638
21249
5301
29931
7086
420
6452
5738
151406
60557
7288
5866
4811
5348
658542
1200000
644478
2003
40029
1910
711330
7713
77511
10985
8408
7620
7254
9721
8522
7378
10696
8242
6104
199836
6426
144
7259
160
10873
116
1694
6341
249356
6765
2004
711
42025
855
236
440
120
120
120
7515
445126
13872
4146
4198
4070
4856
5656
4804
5897
10376
4906
135678
261843
413100
13455
2177
5037
709962
314739
11081
10705
1031
6794
9271
5929
3058
5340
58610
9082
22973
138
138
14137
300
508783
359
2149
333210
178064
123168
62844
4978
872841
4710
5119
1449
1409
2528
1415
400
3456
7845
8144
18741
27775
2515
9502
173056
10863
6627
4320
4517
4517
4320
11965
12541
11273
11393
10939
3702
2629
38641
8098
3414
93207
4423
602446
2077
644
2270
2223
773
8336
1027
27688
2165
16223
27482
132
4281
8279
4367
4319
4320
4175
13575
5063
132
132
5423
6150
5908
1711
4865
115356
115363
7611
1100000
26127
7936
4280
4641
4640
4280
14989
9340
192
7871
7757
1035
6472
12425
14030
5179
27397
8687
4700
3960
4279
13464
4537
4319
311
5797
2528
192
7535
3056
1030
3678
4133
1031
152
11624
224
9269
146
146
1083
146
335
7410
168
168
146
11686
146
146
146
146
146
7568
7397
11442
146
168
20103
5712
4865
476
115601
113363
1180
146
10567
8117
102670
1100000
6987
15303
5825
15140
120
120
7280
6429
4061
13516
52995
8469
120
120
8394
69114
87707
31799
8186
9244
258143
336859
9203
5001
4559
4869
6062
6117
5561
8823
7018
4324
5505
5934
9156
5920
4468
6521
120
38616
120
6922
13559
13780
12191
359
359
6107
5845
376414
88801
870860
51227
7397
11444
6524
8026
4813
54433
3745
1027
224
190519
6354
30767
6354
7979
12308
16015
7504
11768
5687
8911
120
5976
5976
4786
5001
276
1084
4380
7122
4418
86862
2528
6451
5835
12326
637
2649
532
132
132
132
9299
343
7312
10646
17812
339773
1006
4763
120
7170
6149
7493
9963
11567
8364
7293
11071
1027
13583
7037
5049
6784
9224
2309
1748
9230
1027
7617
6952
2528
1206
12950
224
327
19761
54043
347281
7453
7453
7560
8467
9369
1027
335
2615
127036
7019
6234
7999
6348
7762
7243
8111
7195
5973
34168
5948
128
9285
4795
86747
359
884
534
618
602113
6138
146
16801
2103
2022
450
450
450
450
11123
1027
14807
762
2528
1911
1316
4113
120
1531
7706
6198
6198
27753
4987
152
10920
4933
6263
23923
6194
972
120
5162
6856
1026
4933
5484
2233
98419
972
962
1491
9246
1610
4511
120
6825
6773
6773
5752
1491
7837
8888
1031
1073
120
13636
5538
31466
6467
7503
122
160
1399
359
47485
5423
104
1031
2528
319
16748
5452
120
4802
120
13476
4240
376
343
502
3400000
440
89818
17797
10141
12209
5936
12789
83253
157177
6352
29025
8162
1249
13707
8708
7732
6886
5083
1027
8335
373297
9269
34572
37576
34831
7357
11485
14660
22831
7493
12819
6019
3581
7719
693
16967
655
192
647
645
5883
1105
697
826
696
736
1157
1285
1465
1052
1209
234061
30848
26100
8256
5883
7397
11445
5197
4442
120
1248
2173
6607
40495
8022
359
6443
1004
3820
3822
3821
3820
3821
1027
2528
192
152
910
189604
2804
192
3297
7544
184
2162
2955
6335
1499
9310
3189
192
7253
11151
19744
2804
2804
1118
2807
3781
192
980
1027
476
3145
1004
277115
224
116277
3137
9339
3296
2528
3820
3820
3822
3821
3822
1027
2804
1576
6090
5476
4442
8351
4642
9764
6924
22230
32895
10499
22184
8391
10446
6019
7923
7334
5976
11594
7488
27293
5068
4533
2310
2641
192
6472
6472
138
138
138
172
2136
7667
3649
120
668
642333
1983
45513
8769
8099
2740
2122
2069
19341
6187
150
150
1031
3513
2538
162
4094
20770
2804
2804
2804
3835
9229
8081
29137
7081
4720
6019
980
6473
2457
2528
10578
6732
6026
998568
19677
44136
5302
143580
11051
269541
514624
9194
16302
37448
8167
4098
6160
5277
1031
11098
8219
3033
1350
9231
3857
71073
5563
6354
1653
6947
11323
6234
1591
6691
13465
16794
17869
9360
10725
4786
5053
5245
8418
4614
4369
5615
224
5276
6040
4340
4232
6614
5105
4419
8475
6580
22863
5312
8477
8479
37701
4792
5026
1078
5302
5877
8057
10997
5835
31103
670
5976
6354
5924
335
2585
671821
410013
14347
447924
5628
7245
5682
12816
32631
6302
7498
9271
3303
1004
4442
1027
6514
4969
7150
8073
5298
3773
15520
4155
1650
208
132
132
112335
2528
114819
359
7826
5648
144
7037
7679
115057
112797
1076
1027
980
9286
954
2517
776
456
523
523
523
184
4523
359
8958
359
7631
184
1183
319
710
1183
4911
25476
12166
78767
6384
80980
335
13134
7359
5259
1234
6773
11209
14924
8337
7835
1934
6497
6006
168485
10859
1759
12423
8639
5357
295
331617
6707
8658
6696
6696
8343
6614
2140
8362
3842
3554
6093
6093
9525
6824
6389
6389
295
460
6474
6571
295
800
295
295
1982
1221
1261
332
332
332
938
332
2791
2791
2791
2791
2791
2791
2751
2751
2791
2751
7262
7262
7262
2465
2465
2465
2465
6577
7262
7302
7262
7262
2395
2435
2464
2464
7494
2464
1982
2424
2464
2464
2283
2424
737
737
2464
2463
2463
2463
2463
2301
2301
2301
2301
2301
2301
2301
2301
2301
2301
1219
1219
1260
1269
1269
1220
1269
1269
1229
2624
638
9109
6187
128
6965
2114
1991
1792
4983
19483
128
359
16156
368
562042
7022
11269
233
7999
248729
81298
2260
2783
6864
8077
1182
7353
5389
10771
2260
2782
10527
327
9866
10361
2140
10401
10990
11433
7623
2000000
295
295
295
295
295
295
6484
534
534
4550
295
295
295
16261
287
287
104
104
856
295
295
295
295
287
295
295
295
295
295
295
295
295
295
295
295
295
295
384
295
1370
335
384
295
295
295
295
295
295
332
287
295
324
295
295
4705
332
295
295
295
295
295
295
295
295
1414
295
295
295
295
15307
2180
4463
2782
295
295
295
295
10761
332
5562
5562
295
295
295
295
295
4476
4421
295
295
295
295
295
287
295
287
3596
287
4421
287
287
335
295
13144
332
335
335
335
335
295
10639
335
295
295
295
335
335
8888
335
335
4374
295
335
295
295
295
295
287
295
295
4395
295
295
287
295
295
295
295
295
295
295
295
4725
295
287
287
295
4825
7397
2661
295
295
295
4430
295
324
11404
1612
4492
295
295
295
295
1474
2626
4442
295
295
295
295
295
295
287
295
295
295
295
16709
295
260394
2180
4475
2822
140
132
319
17243
152
50672
8174
7995
610
152
21388
7398
7542
132
132
132
132
132
7398
7542
12508
4825
5801
5841
1027
4070
5055
4404
287
327
287
287
287
287
287
287
327
287
287
287
287
287
4825
287
287
327
287
287
287
287
287
287
287
287
295
287
287
295
295
5979
724
6241
7396
11443
4467
560
1245
3594
4825
6849
1298
1900000
13707
8811
8473
13392
645
7278
1190
7002
980
11459
8610
7357
132
9311
2528
30312
132
132
132
12945
132
23908
132
132
132
132
132
9873
4715
602493
4429
2077
3348
2706
25847
1027
6126
2915
661
4447
938
938
446523
9020
104531
5688
61291
39691
5675
7545
11528
295
332
17475
319
5215
7253
1085
11111
106598
15299
5103
24412
17475
96687
12410
244813
4520
43042
7784
6343
733
48258
5926
5591
5960
6065
5644
69094
3962
86007
12385
60985
30567
70564
343318
7404
18721
2785
6503
2243
529
2117
1221
5767
1260
268135
15393
11936
15565
1533
9243
9735
18423
9235
5428
6050
5636
5892
8207
59251
495
5357
4028
6081
3429
3850
3422
667097
3398
3712
3739
4067
3878
3957
4802
5090
5038
3404
3414
9198
4046
6252
4407
719442
5753
113361
115361
17194
13993
5823
3753
937
937
7611
12742
59251
13418
5814
57408
6462
5729
5698
72767
4070
196
8700000
5512
8576
981
2110
5085
5126
3993
184
6416
6586
1031
7037
6600
5779
5432
12384
10826
6595
6498
18551
146
146
154
5083
5251
146
146
45627
146
146
146
146
146
2804
3993
104
2528
605
1664
7359
192
192
24180
1189
5767
5348
3256
9309
57699
23791
1000000
43468
404280
214682
52685
250432
56554
13292
316420
7724
1608
100128
9432
12789
7529
4848
41802
1800
6730
1031
3201
8311
359
146
138
18814
982
2390
645
5136
47334
138984
1187
87517
884
7709
5752
115315
115362
1141
476
4793
1400000
3314
1200000
8511
57184
71744
16063
24125
7886
326195
689999
180381
6175
248657
8659
8364
1245
28443
37155
4246
18850
8540
1027
294915
32287
5204
1244
5766
10325
7616
32026
7333
5028
7392
10596
7942
5348
150
9338
18041
9651
2783
538
6012
2284
5976
5924
5976
28456
8161
15397
311
376
7822
4444
2782
192
8332
2783
8739
504
8762
9050
4800
2528
167610
81052
15062
2782
25112
6677
4174
8920
4507
192
7603
661
2390
816
4989
645
488
520
343
520
2180
43675
359
7730
4362
5025
33902
4402
22921
4989
36198
4989
3189
2786
5054
2700000
1759
6472
4867
476271
8398
4825
2783
1027
4547
733
4265
7037
553092
5594
4447
2804
4825
5066
4152
6583
18231
14171
3049
4825
10854
392
359
723
1117
4827
192
8684
5967
9208
978
1098
10773
10130
327
2400000
5975
1181
1221
1234
6125
72339
950
5651
17009
807
2433
1220
1031
1500000
15984
6306
6375
6375
6375
6375
1222
1222
1222
1182
1262
1182
6147
359
359
1776
359
359
6339
39249
10021
93740
25112
29635
14086
1600000
120
7282
120
168277
12012
120
120
209324
59170
8331
8745
4825
50538
4740
7023
9741
152
4725
2426
17622
8335
8329
8056
2528
5899
584108
1672
5124
10940
133087
359
8330
144
144
184
144
144
184
1990
2113
1791
49637
1031
4444
5230
9309
6166
645
5635
75207
986
4011
7357
11482
1223
12242
984
5988
408
5270
2675
1735
3597
5876
1931
134458
319
6537
9489
1474
5292
32611
359
6812
7260
201115
2809
359
2783
2782
2782
1063
2140
1125
3976
6601
2060
6601
6601
16376
2180
1800000
3565
1709
1709
7734
2823
7033
2782
144
144
184
144
144
184
7782
10940
18628
43128
7872
7597
2782
2180
5596
2675
5877
1948
7703
3149
153095
14081
1029
12676
7397
11444
9321
2783
4903
13028
1031
6390
2171
38044
68206
6495
40544
2528
982
7077
21618
44929
2782
2782
4056
38607
61345
10690
42098
839399
50702
19477
15475
17921
10794
4991
967
86188
4926
10587
42319
42319
1249
1249
879
879
534
2164
2164
982
982
1400
1400
5324
3086
9360
6320
6992
7545
11527
938841
1728
7352
5983
5250
7872
9119
12940
5350
9208
7253
11112
120
427
4869
224
1031
104
312
535
46081
3531
726
18276
7600
7065
15004
5421
552
1176
695
11110
7885
319
7420
8894
1640
574
2783
982
8044
1400000
1700000
542259
7430
9288
1031
1127
2078
39543
4061
15150
5685
1897
5201
1875
7248
8559
1347
8880
5901
7114
3837
6198
184
184
985
1025
3050
2528
5428
25304
343
311
5716
982
1027
1115
138
138
7924
6908
316339
1934
2783
3442
18180
7611
2785
2785
108292
1624
13145
2782
12016
2823
6027
7128
7364
6303
34987
2782
6303
1063
14389
2822
6781
1038
265245
2804
9147
1728
2613
600
6178
7037
9732
45557
1339
2804
4075
2804
6649
6487
327
311
1205
1251
1400000
3434
836
871
5200
991
11414
25439
8027
8735
91591
6826
4633
5246
154
146
988
988
3610
1031
9492
136
2528
132
132
192
4444
343
144
3839
359
14612
4987
3135
3097
30601
150
192
3057
53482
11056
3095
30821
3820
5031
1031
23388
476
132
3134
132
132
6136
8488
29516
1409
884
1902
1063
1902
3359
3873
313316
6812
2284
10176
1063
1071
3290
6011
4041
1062
1063
5879
6067
4104
5702
5439
2748
5348
4775
6820
132
319
9298
132
982
132
534
3096
30559
7358
23489
28904
121861
1027
76055
2528
1700000
2978
3097
534
7377
192
9283
6341
1023
68752
68752
192
408
3136
3496
612
1543
5423
6151
359
2992
7036
861
18315
4444
5348
612
7397
11404
9309
1031
5068
11366
120
2265
54658
11985
420
420
120
120
120
120
6918
4408
1584
583
7396
11443
25598
759310
5340
2462
2462
709
376927
5901
1221
1221
8690
99478
5262
204186
605
6902
1062
4260
121006
6367
464
158355
7256
519
1043
2528
982
5080
7948
7545
11271
5286
9272
7293
11112
34054
4282
534
534
680589
919
775
1039
231866
703
152
1027
16184
1080
1080
9184
1044
982
6001
6867
128
7652
3915
4027
2804
25483
2804
2804
3987
7042
4041
4909
3585
924
5206
112336
112878
9299
138
138
749
1155
405
138
138
5609
112779
112798
138
7507
2528
7037
5686
1027
399
1012
1718
804
319
392
392
359
1728
233431
2765
6988
125897
1596
14164
10278
224
3477
3477
6425
4793
5963
15776
7045
54134
5624
6648
4486
290231
6706
9008
16759
982
5512
7411
9879
117640
6150
6933
7249
4486
327
6988
170203
4160
1027
5099
934
915674
8152
43537
6047
5615
359
1125
1123
1143
9285
5286
5816
2851
319
7236
5512
565
7357
612
2528
470
11267
344510
2077
1031
4983
982
2248
1016
2781
7641
136177
359
100019
3915
6741
6207
115343
108842
7890
8007
3180
124
5871
5870
9336
5302
192
1664
2565
5999
1588
14192
1031
11819
184
311
16721
5840
58212
311
7910
6800000
7037
14963
7734
5908
955
14613
6232
6923
7178
5512
5512
565
543
86458
121838
9767
23743
5830
982
8271
70631
884
6988
359
2528
5333
192
1027
184
3477
3477
9310
192
3121
664
472
5222
5870
146
172615
327549
1364
6789
5531
5001
6116
4734
5933
5870
9007
5291
5561
7122
4284
6680
8521
4418
6521
4277
6220
120
120
4379
8697
13221
5354
6987
7397
11444
5868
4865
115563
476
115339
1141
982
555
3198
6988
1031
996993
150
5830
7397
11535
206664
22368
21447
7825
16184
8802
5976
6845
71174
7439
10290
120
12239
16224
138
138
612
5531
6789
138
138
5001
4114
4734
1124
5505
4417
947683
5533
5722
1114
6119
8456
7947
6316
124
9338
6679
9240
132
4340
132
132
2528
138
6017
5310
178200
199352
1031
7545
11447
488
520
982
335
5801
10157
71096
11221
7377
11999
6358
1558
5801
21098
27630
5506
5370
7253
11071
12336
268178
884
709
574
399
359
120
120
707
534
1103
244684
120
7920
6585
120
120
10620
359
300
530
27144
984
9501
322928
45967
6015
12187
6016
800
6122
57541
15971
6024
39338
4330
1300000
5116
5116
5117
6433
5389
4035
7403
57360
157079
5652
7129
4996
6086
1192
4642
4556
4833
6744
40543
15260
4757
4731
203598
857
7390
5064
7132
472
5677
1160
8369
534
7043
2785
30651
748
1661
1031
376
982
568
440
8165
120
5331
39620
2804
28178
519968
4182
2528
6263
34046
6163
3490
10308
9286
138
6261
9304
3300
6310
5966
76520
5623
5512
1027
408
470469
104309
150516
205094
45554
314342
125739
312871
20375
1696
6411
673
1536
1071
14075
29415
32488
19564
27224
241601
10402
8926
5215
5463
3313
3868
33377
95083
14441
96
158198
5717
6635
8676
152
137730
137245
165298
1496
8328
10070
8094
709
7020
982
3386
3295
80777
10980
8392
2782
1619
1023
184
78577
136075
2528
831
4380
17827
115786
359
8600
311
982
1027
70394
136181
5119
4947
709
716
9238
6679
8322
2782
8335
7783
11940
5986
10135
14516
22083
23605
12486
3618
62142
136118
12742
968
9937
967
184
6937
204207
8593
2785
8052
335
8745
359
7690
1031
982
3163
7267
2177
2189
2183
2192
11859
2528
146
146
8388
2149
2137
2152
2148
2143
1035
496
9246
1662
7181
5920
534
1832
1584
1189
2573
8891
1249
150849
6829
7209
19995
4755
19308
392
7397
4065
14828
15159
123940
5401
1197
78794
180
120
9364
5780
197228
49829
180
4006
3829
18133
4006
37376
92105
10956
8063
8258
9030
8439
7835
1190
7725
8155
8088
9369
19010
645136
1248
1248
8014
192
5604
158907
120
5732
33694
16292
7569
7417
6394
3621
6327
2180
8352
982
140
140
3347
8438
140
132
132
132
132
146
7397
132
140
132
140
132
132
132
132
132
132
184
140
140
140
3980
140
140
132
132
3643
6310
13418
13200
7846
5799
132
5830
132
5531
6789
132
5093
4786
4614
4369
4340
5224
7122
4284
4417
5105
132
690
512
658
4789
2528
9337
1630
796
25610
5446
120
120
4424
982
534
534
192
359
192
184
1027
1034
146
146
4311
5095
476
192
514
152
1408
50435
224
1189
833
9338
1031
1214
335
7342
7129
26078
240601
498
534
884
884
4444
144
27651
7271
4035
9836
1756
5168
120
120
120
1189
6054
474
2528
5508
3229
3229
3233
2089
2097
6861
907
5500000
836499
10317
100666
1075
7022
6406
7074
38812
7989
1074
12632
9208
8266
10725
5990
218882
155577
87277
78941
1900000
17325
12140
8613
184
26162
6042
9262
52086
17325
40262
3528
6058
1031
16937
7955
138
138
138
138
138
10681
6794
20200000
6042
17325
5992
5337
5992
17241
184
1031
3528
3528
2528
7156
3477
10:32:04
10:32:23
10:34:30
10:35:24
10:38:01
10:38:52
10:42:33
10:43:20
10:44:05
10:45:19
10:46:13
10:46:46
10:47:28
10:47:39
10:49:11
10:55:22
10:55:37
10:55:58
10:56:06
10:57:01
11:02:25
11:02:25
11:02:25
11:02:25
11:03:14
11:04:23
11:07:39
11:08:10
11:09:16
11:09:29
11:09:42
11:09:48
11:09:54
11:10:07
11:10:20
11:10:33
11:10:46
11:10:59
11:11:11
11:11:24
11:11:37
11:11:50
11:12:03
11:12:16
11:12:29
11:12:31
11:12:42
11:16:59
11:19:49
11:21:12
11:21:32
11:21:44
11:21:57
11:22:10
11:22:23
11:22:36
11:22:48
11:22:49
11:22:49
11:23:02
11:23:15
11:23:27
11:23:28
11:23:41
11:23:54
11:24:07
11:24:15
11:24:20
11:24:33
11:24:45
11:24:58
11:25:11
11:25:24
11:25:37
11:25:50
11:26:03
11:26:16
11:26:29
11:26:42
11:26:55
11:27:07
11:27:17
11:27:20
11:27:33
11:27:33
11:27:46
11:27:56
11:27:59
11:28:03
11:28:03
11:28:08
11:28:08
11:28:12
11:28:25
11:28:30
11:28:38
11:28:49
11:28:51
11:29:04
11:29:17
11:29:34
11:29:39
11:29:43
11:29:56
11:30:02
11:30:02
11:30:03
11:30:07
11:30:08
11:30:11
11:30:11
11:30:11
11:30:11
11:30:12
11:30:14
11:30:21
11:30:21
11:30:23
11:30:24
11:30:24
11:30:34
11:30:37
11:30:38
11:30:39
11:30:45
11:30:46
11:30:46
11:30:46
11:30:47
11:30:49
11:30:49
11:30:50
11:30:50
11:30:51
11:30:55
11:30:56
11:30:57
11:30:59
11:31:00
11:31:03
11:31:05
11:31:09
11:31:10
11:31:13
11:31:17
11:31:17
11:31:17
11:31:18
11:31:19
11:31:19
11:31:19
11:31:21
11:31:23
11:31:26
11:31:29
11:31:32
11:31:33
11:31:33
11:31:35
11:31:35
11:31:35
11:31:37
11:31:38
11:31:38
11:31:40
11:31:41
11:31:41
11:31:45
11:31:45
11:31:45
11:31:45
11:31:45
11:31:51
11:31:51
11:31:54
11:31:54
11:31:54
11:31:58
11:32:03
11:32:03
11:32:04
11:32:05
11:32:09
11:32:09
11:32:09
11:32:09
11:32:10
11:32:11
11:32:12
11:32:17
11:32:17
11:32:19
11:32:20
11:32:20
11:32:22
11:32:24
11:32:29
11:32:30
11:32:30
11:32:30
11:32:30
11:32:30
11:32:36
11:32:37
11:32:42
11:32:43
11:32:48
11:32:50
11:32:50
11:32:50
11:32:53
11:32:53
11:32:54
11:32:56
11:32:57
11:33:05
11:33:06
11:33:06
11:33:07
11:33:08
11:33:08
11:33:11
11:33:11
11:33:12
11:33:13
11:33:14
11:33:14
11:33:18
11:33:18
11:33:18
11:33:18
11:33:18
11:33:19
11:33:19
11:33:21
11:33:25
11:33:29
11:33:32
11:33:32
11:33:33
11:33:33
11:33:34
11:33:34
11:33:34
11:33:34
11:33:34
11:33:38
11:33:39
11:33:41
11:33:42
11:33:42
11:33:42
11:33:42
11:33:45
11:33:45
11:33:46
11:33:47
11:33:47
11:33:47
11:33:47
11:33:47
11:33:48
11:33:48
11:33:49
11:33:50
11:33:52
11:33:57
11:33:57
11:34:00
11:34:06
11:34:10
11:34:13
11:34:13
11:34:15
11:34:16
11:34:16
11:34:17
11:34:25
11:34:27
11:34:27
11:34:29
11:34:29
11:34:33
11:34:34
11:34:36
11:34:36
11:34:36
11:34:38
11:34:38
11:34:40
11:34:40
11:34:40
11:34:40
11:34:40
11:34:41
11:34:46
11:34:46
11:34:46
11:34:46
11:34:46
11:34:46
11:34:46
11:34:46
11:34:46
11:34:46
11:34:46
11:34:47
11:34:47
11:34:47
11:34:47
11:34:47
11:34:48
11:34:48
11:34:48
11:34:51
11:34:56
11:34:59
11:35:04
11:35:07
11:35:07
11:35:08
11:35:08
11:35:08
11:35:08
11:35:11
11:35:14
11:35:17
11:35:17
11:35:17
11:35:18
11:35:21
11:35:25
11:35:28
11:35:28
11:35:29
11:35:29
11:35:29
11:35:29
11:35:29
11:35:29
11:35:29
11:35:29
11:35:29
11:35:29
11:35:29
11:35:29
11:35:29
11:35:29
11:35:29
11:35:29
11:35:29
11:35:29
11:35:30
11:35:30
11:35:30
11:35:30
11:35:30
11:35:30
11:35:30
11:35:30
11:35:30
11:35:30
11:35:30
11:35:30
11:35:30
11:35:30
11:35:30
11:35:30
11:35:30
11:35:30
11:35:30
11:35:30
11:35:30
11:35:30
11:35:30
11:35:30
11:35:30
11:35:30
11:35:30
11:35:30
11:35:30
11:35:30
11:35:30
11:35:30
11:35:30
11:35:30
11:35:30
11:35:33
11:35:33
11:35:34
11:35:38
11:35:38
11:35:43
11:35:50
11:35:56
11:36:03
11:36:03
11:36:09
11:36:09
11:36:09
11:36:10
11:36:10
11:36:10
11:36:10
11:36:10
11:36:10
11:36:20
11:36:21
11:36:21
11:36:23
11:36:23
11:36:28
11:36:29
11:36:29
11:36:31
11:36:34
11:36:38
11:36:46
11:36:47
11:36:48
11:36:48
11:36:49
11:36:53
11:37:00
11:37:00
11:37:01
11:37:10
11:37:11
11:37:11
11:37:13
11:37:13
11:37:15
11:37:23
11:37:25
11:37:26
11:37:30
11:37:33
11:37:33
11:37:34
11:37:39
11:37:39
11:37:43
11:37:43
11:37:44
11:37:46
11:37:52
11:37:55
11:37:56
11:37:57
11:37:58
11:37:58
11:38:01
11:38:05
11:38:06
11:38:06
11:38:07
11:38:08
11:38:12
11:38:12
11:38:12
11:38:18
11:38:19
11:38:19
11:38:21
11:38:21
11:38:21
11:38:24
11:38:25
11:38:25
11:38:27
11:38:28
11:38:30
11:38:39
11:38:43
11:38:44
11:38:44
11:38:44
11:38:44
11:38:46
11:38:47
11:38:47
11:38:47
11:38:47
11:38:47
11:38:47
11:38:47
11:38:49
11:38:50
11:38:56
11:38:56
11:38:58
11:39:00
11:39:03
11:39:07
11:39:09
11:39:09
11:39:10
11:39:12
11:39:17
11:39:17
11:39:22
11:39:30
11:39:31
11:39:31
11:39:32
11:39:32
11:39:33
11:39:33
11:39:35
11:39:39
11:39:41
11:39:48
11:39:48
11:40:00
11:40:03
11:40:03
11:40:03
11:40:06
11:40:07
11:40:08
11:40:09
11:40:13
11:40:14
11:40:15
11:40:16
11:40:17
11:40:18
11:40:26
11:40:26
11:40:34
11:40:34
11:40:35
11:40:39
11:40:39
11:40:42
11:40:44
11:40:44
11:40:44
11:40:44
11:40:44
11:40:45
11:40:45
11:40:47
11:40:50
11:40:50
11:40:50
11:40:50
11:40:51
11:40:51
11:40:52
11:40:53
11:41:00
11:41:02
11:41:03
11:41:04
11:41:05
11:41:05
11:41:08
11:41:08
11:41:08
11:41:10
11:41:16
11:41:16
11:41:17
11:41:18
11:41:21
11:41:30
11:41:36
11:41:38
11:41:38
11:41:39
11:41:43
11:41:43
11:41:47
11:41:54
11:41:54
11:41:54
11:41:56
11:42:07
11:42:09
11:42:09
11:42:09
11:42:10
11:42:12
11:42:14
11:42:22
11:42:27
11:42:29
11:42:30
11:42:32
11:42:33
11:42:35
11:42:39
11:42:40
11:42:44
11:42:44
11:42:48
11:42:52
11:42:53
11:42:53
11:42:56
11:42:58
11:43:01
11:43:03
11:43:04
11:43:08
11:43:09
11:43:10
11:43:12
11:43:13
11:43:14
11:43:14
11:43:14
11:43:16
11:43:17
11:43:17
11:43:17
11:43:17
11:43:17
11:43:18
11:43:18
11:43:18
11:43:18
11:43:18
11:43:19
11:43:19
11:43:20
11:43:20
11:43:21
11:43:22
11:43:22
11:43:24
11:43:25
11:43:26
11:43:29
11:43:29
11:43:30
11:43:30
11:43:31
11:43:32
11:43:33
11:43:33
11:43:34
11:43:34
11:43:35
11:43:35
11:43:35
11:43:36
11:43:39
11:43:40
11:43:41
11:43:41
11:43:45
11:43:45
11:43:51
11:43:53
11:43:55
11:43:56
11:43:59
11:43:59
11:44:01
11:44:01
11:44:03
11:44:03
11:44:04
11:44:04
11:44:05
11:44:05
11:44:06
11:44:09
11:44:10
11:44:11
11:44:12
11:44:18
11:44:18
11:44:21
11:44:24
11:44:28
11:44:33
11:44:33
11:44:33
11:44:34
11:44:34
11:44:34
11:44:35
11:44:35
11:44:39
11:44:39
11:44:40
11:44:43
11:44:44
11:44:44
11:44:53
11:44:54
11:44:58
11:44:58
11:45:04
11:45:05
11:45:12
11:45:13
11:45:14
11:45:18
11:45:19
11:45:37
11:45:39
11:45:39
11:45:41
11:45:44
11:45:46
11:45:50
11:45:51
11:45:51
11:45:57
11:45:59
11:46:00
11:46:17
11:46:18
11:46:18
11:46:23
11:46:30
11:46:37
11:46:41
11:46:42
11:46:42
11:46:47
11:46:47
11:46:47
11:46:48
11:46:57
11:46:58
11:46:58
11:47:03
11:47:07
11:47:09
11:47:16
11:47:17
11:47:17
11:47:19
11:47:19
11:47:20
11:47:24
11:47:27
11:47:30
11:47:33
11:47:33
11:47:36
11:47:36
11:47:38
11:47:38
11:47:41
11:47:51
11:47:56
11:47:56
11:47:57
11:48:02
11:48:02
11:48:03
11:48:03
11:48:04
11:48:04
11:48:08
11:48:11
11:48:13
11:48:17
11:48:17
11:48:18
11:48:21
11:48:22
11:48:26
11:48:41
11:48:41
11:48:44
11:48:45
11:48:46
11:48:46
11:48:46
11:48:46
11:48:46
11:48:48
11:48:48
11:48:53
11:48:56
11:48:58
11:49:10
11:49:14
11:49:15
11:49:16
11:49:17
11:49:21
11:49:21
11:49:21
11:49:25
11:49:34
11:49:36
11:49:37
11:49:37
11:49:37
11:49:37
11:49:42
11:49:43
11:49:44
11:49:44
11:49:44
11:49:46
11:49:46
11:49:46
11:49:47
11:49:47
11:49:49
11:49:55
11:49:56
11:49:56
11:49:57
11:49:58
11:50:00
11:50:01
11:50:02
11:50:02
11:50:20
11:50:28
11:50:28
11:50:33
11:50:33
11:50:35
11:50:36
11:50:36
11:50:41
11:50:42
11:50:42
11:50:42
11:50:42
11:50:46
11:50:48
11:50:49
11:50:50
11:50:50
11:50:50
11:50:50
11:50:56
11:50:56
11:50:56
11:50:56
11:50:56
11:50:56
11:50:56
11:50:56
11:50:56
11:50:56
11:50:57
11:50:57
11:50:57
11:50:57
11:50:57
11:50:57
11:50:57
11:50:57
11:50:57
11:50:57
11:50:57
11:50:58
11:50:58
11:50:58
11:50:58
11:50:58
11:50:59
11:51:00
11:51:01
11:51:01
11:51:01
11:51:01
11:51:04
11:51:04
11:51:04
11:51:04
11:51:04
11:51:04
11:51:04
11:51:04
11:51:04
11:51:05
11:51:05
11:51:05
11:51:05
11:51:05
11:51:06
11:51:06
11:51:07
11:51:07
11:51:07
11:51:08
11:51:08
11:51:14
11:51:17
11:51:17
11:51:25
11:51:26
11:51:26
11:51:26
11:51:26
11:51:32
11:51:33
11:51:33
11:51:37
11:51:37
11:51:37
11:51:37
11:51:37
11:51:37
11:51:38
11:51:38
11:51:38
11:51:38
11:51:38
11:51:38
11:51:38
11:51:38
11:51:38
11:51:38
11:51:38
11:51:39
11:51:39
11:51:39
11:51:39
11:51:39
11:51:40
11:51:40
11:51:40
11:51:40
11:51:40
11:51:42
11:51:42
11:51:42
11:51:42
11:51:43
11:51:47
11:51:54
11:51:54
11:51:54
11:51:59
11:52:02
11:52:03
11:52:03
11:52:03
11:52:03
11:52:03
11:52:09
11:52:09
11:52:10
11:52:10
11:52:11
11:52:15
11:52:18
11:52:18
11:52:21
11:52:21
11:52:21
11:52:21
11:52:22
11:52:22
11:52:22
11:52:22
11:52:22
11:52:22
11:52:23
11:52:23
11:52:26
11:52:27
11:52:30
11:52:32
11:52:35
11:52:42
11:52:45
11:52:47
11:52:48
11:52:53
11:52:56
11:53:00
11:53:06
11:53:06
11:53:06
11:53:06
11:53:06
11:53:06
11:53:07
11:53:07
11:53:07
11:53:11
11:53:11
11:53:13
11:53:13
11:53:15
11:53:15
11:53:15
11:53:15
11:53:16
11:53:16
11:53:16
11:53:16
11:53:16
11:53:16
11:53:16
11:53:16
11:53:16
11:53:16
11:53:16
11:53:17
11:53:17
11:53:17
11:53:17
11:53:17
11:53:17
11:53:17
11:53:17
11:53:17
11:53:17
11:53:17
11:53:17
11:53:17
11:53:17
11:53:17
11:53:17
11:53:17
11:53:17
11:53:17
11:53:17
11:53:17
11:53:17
11:53:18
11:53:18
11:53:18
11:53:18
11:53:18
11:53:18
11:53:18
11:53:18
11:53:18
11:53:18
11:53:18
11:53:18
11:53:18
11:53:18
11:53:18
11:53:18
11:53:18
11:53:18
11:53:18
11:53:18
11:53:18
11:53:18
11:53:18
11:53:18
11:53:18
11:53:18
11:53:18
11:53:18
11:53:18
11:53:18
11:53:18
11:53:18
11:53:18
11:53:18
11:53:18
11:53:18
11:53:18
11:53:18
11:53:18
11:53:18
11:53:18
11:53:18
11:53:18
11:53:18
11:53:18
11:53:18
11:53:19
11:53:19
11:53:19
11:53:19
11:53:19
11:53:19
11:53:19
11:53:19
11:53:19
11:53:19
11:53:19
11:53:19
11:53:19
11:53:19
11:53:19
11:53:19
11:53:19
11:53:19
11:53:19
11:53:19
11:53:19
11:53:19
11:53:19
11:53:19
11:53:19
11:53:19
11:53:19
11:53:19
11:53:19
11:53:19
11:53:19
11:53:19
11:53:19
11:53:19
11:53:19
11:53:19
11:53:19
11:53:19
11:53:19
11:53:19
11:53:19
11:53:20
11:53:20
11:53:20
11:53:20
11:53:20
11:53:20
11:53:20
11:53:20
11:53:20
11:53:20
11:53:20
11:53:20
11:53:20
11:53:20
11:53:20
11:53:20
11:53:20
11:53:20
11:53:20
11:53:20
11:53:20
11:53:20
11:53:21
11:53:21
11:53:22
11:53:22
11:53:22
11:53:22
11:53:22
11:53:22
11:53:22
11:53:22
11:53:22
11:53:22
11:53:22
11:53:22
11:53:22
11:53:22
11:53:22
11:53:22
11:53:22
11:53:22
11:53:22
11:53:22
11:53:22
11:53:22
11:53:22
11:53:22
11:53:22
11:53:22
11:53:22
11:53:22
11:53:22
11:53:22
11:53:22
11:53:22
11:53:22
11:53:22
11:53:22
11:53:22
11:53:22
11:53:22
11:53:22
11:53:22
11:53:23
11:53:23
11:53:23
11:53:23
11:53:23
11:53:23
11:53:23
11:53:23
11:53:23
11:53:23
11:53:23
11:53:23
11:53:23
11:53:23
11:53:23
11:53:23
11:53:23
11:53:23
11:53:23
11:53:23
11:53:23
11:53:23
11:53:23
11:53:23
11:53:23
11:53:23
11:53:23
11:53:23
11:53:23
11:53:23
11:53:23
11:53:23
11:53:23
11:53:23
11:53:23
11:53:23
11:53:23
11:53:23
11:53:23
11:53:23
11:53:23
11:53:23
11:53:23
11:53:23
11:53:23
11:53:23
11:53:24
11:53:24
11:53:24
11:53:24
11:53:24
11:53:24
11:53:24
11:53:24
11:53:24
11:53:24
11:53:24
11:53:24
11:53:24
11:53:24
11:53:24
11:53:24
11:53:24
11:53:24
11:53:24
11:53:24
11:53:24
11:53:24
11:53:24
11:53:24
11:53:24
11:53:24
11:53:24
11:53:24
11:53:24
11:53:24
11:53:24
11:53:24
11:53:25
11:53:25
11:53:25
11:53:25
11:53:25
11:53:25
11:53:26
11:53:26
11:53:26
11:53:26
11:53:26
11:53:26
11:53:26
11:53:26
11:53:26
11:53:26
11:53:26
11:53:26
11:53:27
11:53:27
11:53:27
11:53:27
11:53:27
11:53:27
11:53:27
11:53:27
11:53:27
11:53:27
11:53:27
11:53:27
11:53:27
11:53:27
11:53:27
11:53:27
11:53:27
11:53:27
11:53:27
11:53:27
11:53:27
11:53:27
11:53:27
11:53:27
11:53:27
11:53:27
11:53:27
11:53:27
11:53:27
11:53:27
11:53:27
11:53:27
11:53:27
11:53:27
11:53:27
11:53:27
11:53:27
11:53:27
11:53:27
11:53:27
11:53:27
11:53:27
11:53:27
11:53:27
11:53:27
11:53:27
11:53:27
11:53:27
11:53:27
11:53:27
11:53:27
11:53:28
11:53:28
11:53:28
11:53:28
11:53:28
11:53:28
11:53:28
11:53:28
11:53:28
11:53:28
11:53:28
11:53:28
11:53:28
11:53:28
11:53:28
11:53:28
11:53:28
11:53:28
11:53:28
11:53:28
11:53:28
11:53:28
11:53:28
11:53:28
11:53:28
11:53:28
11:53:28
11:53:28
11:53:28
11:53:28
11:53:28
11:53:28
11:53:28
11:53:28
11:53:28
11:53:28
11:53:28
11:53:28
11:53:28
11:53:28
11:53:28
11:53:28
11:53:28
11:53:28
11:53:28
11:53:28
11:53:28
11:53:29
11:53:29
11:53:29
11:53:29
11:53:29
11:53:29
11:53:29
11:53:29
11:53:29
11:53:29
11:53:29
11:53:29
11:53:29
11:53:29
11:53:29
11:53:29
11:53:29
11:53:30
11:53:30
11:53:30
11:53:30
11:53:30
11:53:30
11:53:30
11:53:30
11:53:30
11:53:30
11:53:31
11:53:31
11:53:31
11:53:31
11:53:31
11:53:31
11:53:31
11:53:31
11:53:31
11:53:31
11:53:32
11:53:32
11:53:32
11:53:32
11:53:32
11:53:32
11:53:32
11:53:32
11:53:32
11:53:32
11:53:33
11:53:33
11:53:33
11:53:33
11:53:33
11:53:33
11:53:34
11:53:34
11:53:34
11:53:37
11:53:38
11:53:38
11:53:38
11:53:38
11:53:38
11:53:41
11:53:43
11:53:43
11:53:43
11:53:43
11:53:43
11:53:43
11:53:45
11:53:45
11:53:47
11:53:49
11:53:49
11:53:50
11:53:50
11:53:50
11:53:50
11:53:50
11:53:50
11:53:50
11:53:53
11:53:55
11:53:55
11:53:55
11:53:56
11:54:04
11:54:09
11:54:09
11:54:10
11:54:22
11:54:22
11:54:24
11:54:26
11:54:26
11:54:26
11:54:26
11:54:27
11:54:27
11:54:33
11:54:33
11:54:33
11:54:33
11:54:33
11:54:33
11:54:34
11:54:34
11:54:34
11:54:34
11:54:35
11:54:38
11:54:38
11:54:40
11:54:43
11:54:44
11:54:45
11:54:45
11:54:48
11:54:48
11:54:48
11:54:50
11:54:50
11:54:52
11:54:52
11:54:52
11:54:52
11:54:52
11:54:52
11:54:52
11:54:53
11:54:54
11:54:56
11:54:56
11:54:58
11:55:01
11:55:01
11:55:04
11:55:04
11:55:06
11:55:07
11:55:10
11:55:11
11:55:12
11:55:16
11:55:16
11:55:16
11:55:17
11:55:17
11:55:17
11:55:17
11:55:17
11:55:17
11:55:17
11:55:18
11:55:21
11:55:21
11:55:21
11:55:21
11:55:22
11:55:27
11:55:27
11:55:32
11:55:32
11:55:32
11:55:32
11:55:32
11:55:32
11:55:34
11:55:42
11:55:43
11:55:50
11:55:51
11:55:57
11:55:58
11:55:59
11:56:00
11:56:00
11:56:00
11:56:00
11:56:00
11:56:00
11:56:01
11:56:01
11:56:01
11:56:01
11:56:01
11:56:01
11:56:01
11:56:01
11:56:01
11:56:01
11:56:01
11:56:01
11:56:02
11:56:02
11:56:02
11:56:03
11:56:03
11:56:03
11:56:03
11:56:03
11:56:03
11:56:03
11:56:04
11:56:04
11:56:04
11:56:05
11:56:05
11:56:05
11:56:05
11:56:05
11:56:05
11:56:05
11:56:05
11:56:05
11:56:06
11:56:06
11:56:06
11:56:06
11:56:06
11:56:07
11:56:08
11:56:08
11:56:09
11:56:09
11:56:09
11:56:10
11:56:10
11:56:10
11:56:12
11:56:13
11:56:15
11:56:15
11:56:15
11:56:15
11:56:16
11:56:16
11:56:16
11:56:17
11:56:17
11:56:17
11:56:18
11:56:18
11:56:21
11:56:21
11:56:21
11:56:21
11:56:21
11:56:21
11:56:21
11:56:21
11:56:21
11:56:21
11:56:21
11:56:21
11:56:21
11:56:21
11:56:21
11:56:22
11:56:22
11:56:22
11:56:22
11:56:22
11:56:22
11:56:22
11:56:23
11:56:23
11:56:23
11:56:23
11:56:24
11:56:24
11:56:24
11:56:24
11:56:24
11:56:24
11:56:24
11:56:24
11:56:24
11:56:24
11:56:24
11:56:25
11:56:26
11:56:26
11:56:27
11:56:27
11:56:28
11:56:28
11:56:28
11:56:28
11:56:28
11:56:28
11:56:29
11:56:29
11:56:29
11:56:30
11:56:33
11:56:33
11:56:33
11:56:36
11:56:37
11:56:37
11:56:42
11:56:43
11:56:44
11:56:45
11:56:45
11:56:45
11:56:45
11:56:45
11:56:45
11:56:46
11:56:46
11:56:47
11:56:47
11:56:49
11:56:49
11:56:49
11:56:50
11:56:50
11:56:50
11:56:50
11:56:50
11:56:50
11:56:52
11:57:01
11:57:02
11:57:05
11:57:05
11:57:08
11:57:08
11:57:08
11:57:09
11:57:10
11:57:11
11:57:11
11:57:11
11:57:16
11:57:16
11:57:16
11:57:18
11:57:18
11:57:20
11:57:20
11:57:21
11:57:22
11:57:23
11:57:24
11:57:25
11:57:25
11:57:26
11:57:26
11:57:26
11:57:26
11:57:26
11:57:27
11:57:27
11:57:27
11:57:28
11:57:28
11:57:29
11:57:30
11:57:31
11:57:36
11:57:36
11:57:37
11:57:40
11:57:40
11:57:44
11:57:47
11:57:47
11:57:53
11:57:53
11:57:59
11:57:59
11:58:00
11:58:02
11:58:03
11:58:04
11:58:04
11:58:11
11:58:13
11:58:15
11:58:18
11:58:18
11:58:27
11:58:29
11:58:31
11:58:31
11:58:32
11:58:37
11:58:37
11:58:37
11:58:39
11:58:39
11:58:39
11:58:39
11:58:41
11:58:42
11:58:42
11:58:42
11:58:43
11:58:44
11:58:45
11:58:45
11:58:45
11:58:45
11:58:45
11:58:47
11:58:48
11:58:50
11:58:51
11:58:52
11:58:53
11:58:54
11:58:54
11:58:54
11:58:54
11:58:54
11:58:56
11:58:59
11:59:03
11:59:03
11:59:03
11:59:04
11:59:04
11:59:10
11:59:17
11:59:17
11:59:19
11:59:20
11:59:21
11:59:21
11:59:22
11:59:32
11:59:32
11:59:33
11:59:33
11:59:33
11:59:34
11:59:44
11:59:52
11:59:55
11:59:58
11:59:58
11:59:58
11:59:59
11:59:59
12:00:00
12:00:00
12:00:00
12:00:01
12:00:02
12:00:03
12:00:03
12:00:03
12:00:04
12:00:05
12:00:11
12:00:11
12:00:12
12:00:13
12:00:19
12:00:19
12:00:21
12:00:21
12:00:24
12:00:27
12:00:28
12:00:37
12:00:39
12:00:39
12:00:39
12:00:40
12:00:44
12:00:47
12:00:47
12:00:47
12:00:47
12:00:47
12:00:47
12:00:47
12:00:47
12:00:47
12:00:47
12:00:48
12:00:48
12:00:48
12:00:48
12:00:48
12:00:48
12:00:48
12:00:48
12:00:48
12:00:48
12:00:48
12:00:48
12:00:49
12:00:49
12:00:49
12:00:50
12:00:50
12:00:50
12:00:50
12:00:52
12:00:52
12:00:52
12:00:52
12:00:53
12:00:54
12:00:55
12:00:55
12:01:00
12:01:02
12:01:03
12:01:06
12:01:07
12:01:10
12:01:11
12:01:12
12:01:13
12:01:14
12:01:14
12:01:17
12:01:17
12:01:18
12:01:18
12:01:18
12:01:18
12:01:18
12:01:18
12:01:18
12:01:19
12:01:19
12:01:19
12:01:19
12:01:19
12:01:19
12:01:20
12:01:20
12:01:20
12:01:20
12:01:20
12:01:20
12:01:20
12:01:20
12:01:20
12:01:21
12:01:21
12:01:21
12:01:21
12:01:21
12:01:21
12:01:21
12:01:21
12:01:21
12:01:22
12:01:22
12:01:22
12:01:22
12:01:22
12:01:23
12:01:23
12:01:24
12:01:24
12:01:24
12:01:24
12:01:24
12:01:24
12:01:24
12:01:24
12:01:24
12:01:24
12:01:24
12:01:24
12:01:24
12:01:24
12:01:24
12:01:24
12:01:24
12:01:24
12:01:24
12:01:24
12:01:25
12:01:25
12:01:25
12:01:25
12:01:25
12:01:25
12:01:25
12:01:25
12:01:26
12:01:26
12:01:27
12:01:27
12:01:35
12:01:38
12:01:39
12:01:39
12:01:39
12:01:39
12:01:40
12:01:40
12:01:40
12:01:40
12:01:43
12:01:43
12:01:43
12:01:43
12:01:44
12:01:44
12:01:44
12:01:44
12:01:44
12:01:44
12:01:44
12:01:44
12:01:44
12:01:44
12:01:45
12:01:45
12:01:46
12:01:46
12:01:46
12:01:46
12:01:46
12:01:46
12:01:51
12:01:51
12:01:51
12:01:51
12:01:51
12:01:51
12:01:51
12:01:51
12:01:51
12:01:51
12:01:51
12:01:51
12:01:51
12:01:51
12:01:51
12:01:51
12:01:52
12:01:53
12:01:53
12:01:54
12:01:54
12:01:54
12:01:54
12:01:54
12:01:55
12:01:55
12:01:56
12:01:56
12:01:58
12:01:59
12:02:00
12:02:02
12:02:03
12:02:03
12:02:04
12:02:04
12:02:04
12:02:04
12:02:04
12:02:04
12:02:04
12:02:06
12:02:06
12:02:06
12:02:06
12:02:08
12:02:09
12:02:09
12:02:09
12:02:10
12:02:10
12:02:11
12:02:14
12:02:14
12:02:14
12:02:15
12:02:15
12:02:15
12:02:15
12:02:15
12:02:20
12:02:24
12:02:27
12:02:30
12:02:30
12:02:30
12:02:35
12:02:36
12:02:36
12:02:37
12:02:38
12:02:38
12:02:38
12:02:38
12:02:38
12:02:38
12:02:38
12:02:41
12:02:42
12:02:45
12:02:49
12:02:49
12:02:54
12:02:54
12:02:57
12:03:00
12:03:02
12:03:03
12:03:04
12:03:04
12:03:06
12:03:06
12:03:06
12:03:06
12:03:13
12:03:15
12:03:15
12:03:15
12:03:15
12:03:15
12:03:15
12:03:15
12:03:15
12:03:15
12:03:15
12:03:15
12:03:17
12:03:17
12:03:17
12:03:17
12:03:17
12:03:17
12:03:18
12:03:18
12:03:18
12:03:18
12:03:19
12:03:19
12:03:19
12:03:21
12:03:21
12:03:21
12:03:22
12:03:22
12:03:22
12:03:22
12:03:22
12:03:22
12:03:22
12:03:22
12:03:22
12:03:22
12:03:23
12:03:23
12:03:23
12:03:23
12:03:23
12:03:24
12:03:24
12:03:25
12:03:25
12:03:25
12:03:25
12:03:26
12:03:26
12:03:26
12:03:26
12:03:26
12:03:26
12:03:26
12:03:26
12:03:26
12:03:26
12:03:26
12:03:26
12:03:26
12:03:26
12:03:26
12:03:26
12:03:26
12:03:26
12:03:26
12:03:26
12:03:26
12:03:27
12:03:27
12:03:27
12:03:27
12:03:27
12:03:27
12:03:28
12:03:28
12:03:28
12:03:29
12:03:29
12:03:32
12:03:32
12:03:32
12:03:33
12:03:34
12:03:34
12:03:34
12:03:34
12:03:34
12:03:37
12:03:38
12:03:38
12:03:39
12:03:40
12:03:40
12:03:40
12:03:40
12:03:40
12:03:40
12:03:40
12:03:41
12:03:41
12:03:41
12:03:41
12:03:41
12:03:41
12:03:41
12:03:41
12:03:41
12:03:41
12:03:41
12:03:43
12:03:46
12:03:47
12:03:47
12:03:48
12:03:48
12:03:49
12:03:49
12:03:49
12:03:49
12:03:49
12:03:51
12:03:51
12:03:55
12:03:55
12:03:55
12:03:55
12:03:57
12:03:57
12:03:57
12:03:58
12:04:00
12:04:00
12:04:00
12:04:00
12:04:00
12:04:03
12:04:03
12:04:06
12:04:07
12:04:10
12:04:15
12:04:26
12:04:26
12:04:26
12:04:32
12:04:36
12:04:38
12:04:40
12:04:44
12:04:46
12:04:46
12:04:46
12:04:50
12:05:00
12:05:04
12:05:05
12:05:07
12:05:08
12:05:08
12:05:08
12:05:08
12:05:08
12:05:09
12:05:12
12:05:12
12:05:12
12:05:13
12:05:13
12:05:13
12:05:14
12:05:14
12:05:14
12:05:14
12:05:14
12:05:14
12:05:14
12:05:14
12:05:17
12:05:21
12:05:22
12:05:26
12:05:26
12:05:26
12:05:26
12:05:30
12:05:35
12:05:35
12:05:35
12:05:38
12:05:38
12:05:39
12:05:39
12:05:39
12:05:39
12:05:39
12:05:40
12:05:41
12:05:41
12:05:45
12:05:46
12:05:46
12:05:48
12:05:50
12:05:50
12:05:50
12:05:50
12:06:06
12:06:06
12:06:06
12:06:06
12:06:06
12:06:06
12:06:07
12:06:07
12:06:07
12:06:07
12:06:07
12:06:07
12:06:08
12:06:08
12:06:08
12:06:08
12:06:08
12:06:09
12:06:09
12:06:09
12:06:09
12:06:09
12:06:09
12:06:10
12:06:10
12:06:11
12:06:11
12:06:11
12:06:11
12:06:11
12:06:12
12:06:12
12:06:12
12:06:12
12:06:12
12:06:13
12:06:13
12:06:14
12:06:18
12:06:18
12:06:19
12:06:20
12:06:30
12:06:30
12:06:36
12:06:40
12:06:42
12:06:42
12:06:44
12:06:46
12:06:46
12:06:48
12:06:53
12:06:54
12:06:55
12:06:55
12:07:01
12:07:04
12:07:07
12:07:07
12:07:07
12:07:08
12:07:08
12:07:08
12:07:08
12:07:08
12:07:09
12:07:09
12:07:09
12:07:09
12:07:09
12:07:09
12:07:09
12:07:09
12:07:09
12:07:09
12:07:10
12:07:10
12:07:10
12:07:15
12:07:15
12:07:15
12:07:16
12:07:16
12:07:17
12:07:17
12:07:17
12:07:17
12:07:17
12:07:18
12:07:18
12:07:18
12:07:18
12:07:18
12:07:18
12:07:18
12:07:24
12:07:24
12:07:24
12:07:25
12:07:25
12:07:25
12:07:26
12:07:26
12:07:26
12:07:26
12:07:26
12:07:26
12:07:26
12:07:26
12:07:26
12:07:26
12:07:26
12:07:29
12:07:30
12:07:30
12:07:32
12:07:32
12:07:32
12:07:33
12:07:33
12:07:36
12:07:36
12:07:36
12:07:38
12:07:39
12:07:39
12:07:42
12:07:42
12:07:43
12:07:44
12:07:44
12:07:44
12:07:45
12:07:45
12:07:45
12:07:46
12:07:47
12:07:48
12:07:56
12:07:58
12:07:58
12:07:58
12:07:58
12:07:58
12:08:00
12:08:00
12:08:00
12:08:00
12:08:00
12:08:00
12:08:01
12:08:01
12:08:01
12:08:03
12:08:03
12:08:07
12:08:07
12:08:07
12:08:07
12:08:07
12:08:08
12:08:15
12:08:17
12:08:18
12:08:21
12:08:21
12:08:32
12:08:33
12:08:33
12:08:35
12:08:45
12:08:46
12:08:47
12:08:47
12:08:47
12:08:47
12:08:48
12:08:48
12:08:48
12:08:49
12:08:58
12:08:58
12:08:58
12:08:58
12:08:58
12:09:00
12:09:02
12:09:02
12:09:02
12:09:03
12:09:03
12:09:03
12:09:03
12:09:04
12:09:04
12:09:04
12:09:04
12:09:04
12:09:05
12:09:06
12:09:06
12:09:06
12:09:07
12:09:08
12:09:08
12:09:09
12:09:10
12:09:10
12:09:10
12:09:11
12:09:11
12:09:11
12:09:11
12:09:11
12:09:11
12:09:11
12:09:13
12:09:14
12:09:14
12:09:15
12:09:16
12:09:17
12:09:17
12:09:17
12:09:18
12:09:18
12:09:18
12:09:18
12:09:18
12:09:19
12:09:20
12:09:23
12:09:24
12:09:24
12:09:30
12:09:30
12:09:31
12:09:31
12:09:31
12:09:31
12:09:31
12:09:32
12:09:33
12:09:33
12:09:33
12:09:38
12:09:39
12:09:42
12:09:44
12:09:47
12:09:47
12:09:48
12:09:49
12:09:50
12:09:50
12:09:50
12:09:50
12:09:50
12:09:50
12:09:51
12:09:51
12:09:51
12:09:51
12:09:51
12:09:51
12:09:51
12:09:51
12:09:51
12:09:52
12:09:53
12:09:53
12:09:54
12:09:55
12:09:55
12:09:55
12:09:55
12:09:55
12:09:55
12:09:56
12:09:56
12:09:56
12:09:56
12:09:56
12:09:56
12:09:56
12:09:56
12:09:56
12:09:56
12:09:57
12:09:57
12:09:57
12:09:57
12:09:57
12:09:57
12:09:57
12:09:57
12:09:57
12:09:57
12:09:57
12:09:57
12:09:57
12:09:57
12:09:57
12:09:57
12:09:59
12:09:59
12:09:59
12:09:59
12:09:59
12:09:59
12:10:01
12:10:01
12:10:01
12:10:01
12:10:02
12:10:03
12:10:03
12:10:04
12:10:04
12:10:06
12:10:08
12:10:09
12:10:09
12:10:09
12:10:10
12:10:10
12:10:10
12:10:11
12:10:11
12:10:11
12:10:11
12:10:11
12:10:11
12:10:11
12:10:11
12:10:12
12:10:16
12:10:17
12:10:19
12:10:19
12:10:20
12:10:23
12:10:32
12:10:33
12:10:34
12:10:37
12:10:38
12:10:44
12:10:44
12:10:44
12:10:44
12:10:44
12:10:45
12:10:46
12:10:47
12:10:47
12:10:47
12:10:48
12:10:48
12:10:50
12:10:50
12:10:50
12:10:50
12:10:50
12:10:51
12:10:51
12:10:55
12:11:01
12:11:02
12:11:04
12:11:05
12:11:05
12:11:05
12:11:05
12:11:05
12:11:05
12:11:06
12:11:06
12:11:06
12:11:06
12:11:06
12:11:06
12:11:06
12:11:06
12:11:06
12:11:06
12:11:06
12:11:06
12:11:06
12:11:06
12:11:06
12:11:06
12:11:06
12:11:06
12:11:06
12:11:06
12:11:06
12:11:06
12:11:06
12:11:06
12:11:06
12:11:06
12:11:06
12:11:06
12:11:06
12:11:06
12:11:06
12:11:06
12:11:06
12:11:06
12:11:06
12:11:06
12:11:06
12:11:06
12:11:06
12:11:07
12:11:07
12:11:07
12:11:07
12:11:07
12:11:07
12:11:07
12:11:07
12:11:07
12:11:07
12:11:07
12:11:07
12:11:07
12:11:07
12:11:07
12:11:07
12:11:07
12:11:07
12:11:07
12:11:07
12:11:07
12:11:07
12:11:07
12:11:07
12:11:07
12:11:07
12:11:07
12:11:07
12:11:07
12:11:07
12:11:07
12:11:07
12:11:07
12:11:07
12:11:07
12:11:07
12:11:07
12:11:07
12:11:07
12:11:07
12:11:07
12:11:07
12:11:07
12:11:07
12:11:07
12:11:07
12:11:07
12:11:07
12:11:07
12:11:07
12:11:07
12:11:07
12:11:07
12:11:07
12:11:07
12:11:07
12:11:07
12:11:07
12:11:07
12:11:07
12:11:07
12:11:07
12:11:07
12:11:07
12:11:07
12:11:07
12:11:07
12:11:07
12:11:07
12:11:07
12:11:07
12:11:07
12:11:07
12:11:07
12:11:07
12:11:07
12:11:07
12:11:07
12:11:07
12:11:07
12:11:07
12:11:07
12:11:07
12:11:07
12:11:07
12:11:07
12:11:07
12:11:07
12:11:07
12:11:07
12:11:07
12:11:07
12:11:07
12:11:07
12:11:08
12:11:08
12:11:08
12:11:08
12:11:08
12:11:08
12:11:08
12:11:08
12:11:08
12:11:08
12:11:08
12:11:08
12:11:08
12:11:08
12:11:08
12:11:08
12:11:08
12:11:08
12:11:08
12:11:08
12:11:09
12:11:09
12:11:09
12:11:09
12:11:09
12:11:09
12:11:09
12:11:09
12:11:09
12:11:09
12:11:09
12:11:10
12:11:10
12:11:10
12:11:10
12:11:10
12:11:10
12:11:11
12:11:11
12:11:11
12:11:11
12:11:11
12:11:11
12:11:11
12:11:11
12:11:11
12:11:11
12:11:11
12:11:11
12:11:11
12:11:11
12:11:11
12:11:11
12:11:11
12:11:11
12:11:11
12:11:11
12:11:11
12:11:11
12:11:11
12:11:12
12:11:12
12:11:12
12:11:12
12:11:12
12:11:12
12:11:12
12:11:12
12:11:12
12:11:12
12:11:12
12:11:12
12:11:12
12:11:12
12:11:12
12:11:12
12:11:12
12:11:12
12:11:12
12:11:12
12:11:12
12:11:12
12:11:12
12:11:12
12:11:12
12:11:12
12:11:12
12:11:13
12:11:13
12:11:13
12:11:13
12:11:13
12:11:13
12:11:13
12:11:13
12:11:13
12:11:13
12:11:13
12:11:13
12:11:14
12:11:14
12:11:14
12:11:14
12:11:14
12:11:14
12:11:14
12:11:14
12:11:14
12:11:14
12:11:14
12:11:14
12:11:14
12:11:15
12:11:15
12:11:15
12:11:15
12:11:15
12:11:15
12:11:15
12:11:15
12:11:15
12:11:15
12:11:15
12:11:15
12:11:15
12:11:15
12:11:15
12:11:15
12:11:15
12:11:15
12:11:15
12:11:15
12:11:15
12:11:15
12:11:15
12:11:16
12:11:16
12:11:16
12:11:16
12:11:16
12:11:16
12:11:16
12:11:16
12:11:16
12:11:16
12:11:16
12:11:16
12:11:16
12:11:16
12:11:16
12:11:16
12:11:16
12:11:16
12:11:16
12:11:16
12:11:16
12:11:16
12:11:16
12:11:16
12:11:16
12:11:16
12:11:16
12:11:16
12:11:16
12:11:16
12:11:16
12:11:16
12:11:16
12:11:16
12:11:16
12:11:16
12:11:16
12:11:16
12:11:16
12:11:17
12:11:17
12:11:17
12:11:17
12:11:17
12:11:17
12:11:17
12:11:17
12:11:17
12:11:17
12:11:17
12:11:17
12:11:17
12:11:17
12:11:17
12:11:17
12:11:17
12:11:17
12:11:17
12:11:17
12:11:17
12:11:17
12:11:17
12:11:17
12:11:17
12:11:17
12:11:17
12:11:17
12:11:17
12:11:17
12:11:18
12:11:18
12:11:18
12:11:18
12:11:18
12:11:18
12:11:18
12:11:18
12:11:18
12:11:18
12:11:18
12:11:18
12:11:18
12:11:18
12:11:19
12:11:19
12:11:19
12:11:19
12:11:19
12:11:19
12:11:19
12:11:20
12:11:20
12:11:20
12:11:20
12:11:20
12:11:20
12:11:21
12:11:21
12:11:22
12:11:23
12:11:23
12:11:23
12:11:23
12:11:23
12:11:23
12:11:24
12:11:25
12:11:25
12:11:25
12:11:26
12:11:26
12:11:27
12:11:27
12:11:28
12:11:28
12:11:28
12:11:28
12:11:28
12:11:28
12:11:28
12:11:28
12:11:28
12:11:28
12:11:28
12:11:28
12:11:29
12:11:29
12:11:29
12:11:29
12:11:29
12:11:29
12:11:29
12:11:29
12:11:29
12:11:29
12:11:29
12:11:29
12:11:29
12:11:29
12:11:29
12:11:29
12:11:29
12:11:30
12:11:30
12:11:30
12:11:30
12:11:30
12:11:30
12:11:30
12:11:32
12:11:33
12:11:33
12:11:35
12:11:35
12:11:36
12:11:38
12:11:40
12:11:40
12:11:40
12:11:41
12:11:41
12:11:41
12:11:41
12:11:41
12:11:41
12:11:41
12:11:42
12:11:42
12:11:45
12:11:45
12:11:45
12:11:47
12:11:47
12:11:48
12:11:48
12:11:48
12:11:48
12:11:48
12:11:49
12:11:49
12:11:49
12:11:50
12:11:50
12:11:51
12:11:51
12:11:52
12:11:53
12:11:54
12:11:54
12:11:54
12:11:55
12:11:56
12:11:56
12:11:57
12:11:58
12:11:59
12:11:59
12:11:59
12:11:59
12:11:59
12:11:59
12:11:59
12:11:59
12:11:59
12:11:59
12:11:59
12:11:59
12:12:00
12:12:00
12:12:00
12:12:00
12:12:00
12:12:01
12:12:02
12:12:03
12:12:03
12:12:03
12:12:03
12:12:03
12:12:03
12:12:04
12:12:04
12:12:04
12:12:04
12:12:04
12:12:04
12:12:04
12:12:04
12:12:04
12:12:04
12:12:04
12:12:04
12:12:04
12:12:04
12:12:04
12:12:04
12:12:04
12:12:04
12:12:05
12:12:05
12:12:05
12:12:05
12:12:05
12:12:05
12:12:05
12:12:05
12:12:05
12:12:05
12:12:05
12:12:05
12:12:05
12:12:05
12:12:05
12:12:05
12:12:05
12:12:06
12:12:06
12:12:06
12:12:06
12:12:06
12:12:06
12:12:06
12:12:06
12:12:07
12:12:07
12:12:07
12:12:07
12:12:07
12:12:07
12:12:07
12:12:07
12:12:07
12:12:07
12:12:07
12:12:07
12:12:07
12:12:07
12:12:07
12:12:07
12:12:07
12:12:07
12:12:07
12:12:07
12:12:07
12:12:07
12:12:07
12:12:07
12:12:08
12:12:08
12:12:08
12:12:08
12:12:08
12:12:08
12:12:08
12:12:09
12:12:09
12:12:10
12:12:10
12:12:10
12:12:10
12:12:10
12:12:10
12:12:10
12:12:10
12:12:10
12:12:10
12:12:11
12:12:12
12:12:15
12:12:16
12:12:16
12:12:17
12:12:17
12:12:18
12:12:18
12:12:18
12:12:18
12:12:19
12:12:24
12:12:28
12:12:28
12:12:28
12:12:29
12:12:29
12:12:29
12:12:29
12:12:29
12:12:30
12:12:33
12:12:36
12:12:36
12:12:40
12:12:40
12:12:42
12:12:42
12:12:44
12:12:45
12:12:45
12:12:45
12:12:45
12:12:45
12:12:45
12:12:46
12:12:46
12:12:46
12:12:46
12:12:46
12:12:46
12:12:46
12:12:46
12:12:46
12:12:46
12:12:48
12:12:48
12:12:49
12:12:49
12:12:50
12:12:50
12:12:51
12:12:51
12:12:51
12:12:52
12:12:53
12:12:53
12:12:54
12:12:54
12:12:54
12:12:54
12:12:54
12:12:54
12:12:54
12:12:54
12:12:54
12:12:54
12:12:54
12:12:54
12:12:55
12:12:55
12:12:55
12:12:55
12:12:55
12:12:56
12:12:56
12:12:56
12:12:57
12:13:01
12:13:02
12:13:02
12:13:03
12:13:03
12:13:03
12:13:04
12:13:05
12:13:08
12:13:08
12:13:08
12:13:10
12:13:17
12:13:17
12:13:17
12:13:17
12:13:17
12:13:17
12:13:17
12:13:18
12:13:18
12:13:18
12:13:20
12:13:20
12:13:22
12:13:29
12:13:30
12:13:30
12:13:30
12:13:30
12:13:31
12:13:31
12:13:31
12:13:31
12:13:31
12:13:31
12:13:31
12:13:31
12:13:32
12:13:32
12:13:32
12:13:32
12:13:32
12:13:32
12:13:32
12:13:32
12:13:32
12:13:32
12:13:32
12:13:32
12:13:32
12:13:34
12:13:34
12:13:34
12:13:35
12:13:35
12:13:35
12:13:37
12:13:37
12:13:38
12:13:38
12:13:39
12:13:39
12:13:41
12:13:41
12:13:41
12:13:41
12:13:41
12:13:41
12:13:41
12:13:41
12:13:41
12:13:42
12:13:42
12:13:44
12:13:45
12:13:45
12:13:45
12:13:46
12:13:46
12:13:46
12:13:46
12:13:46
12:13:46
12:13:46
12:13:46
12:13:47
12:13:48
12:13:49
12:13:50
12:13:50
12:13:50
12:13:50
12:13:50
12:13:50
12:13:51
12:13:51
12:13:52
12:13:54
12:13:54
12:13:54
12:13:55
12:13:56
12:13:56
12:13:58
12:13:58
12:13:58
12:13:58
12:13:58
12:13:58
12:13:58
12:13:58
12:13:58
12:13:58
12:13:58
12:13:59
12:13:59
12:13:59
12:13:59
12:13:59
12:13:59
12:13:59
12:13:59
12:13:59
12:13:59
12:14:00
12:14:00
12:14:01
12:14:02
12:14:02
12:14:03
12:14:03
12:14:05
12:14:05
12:14:06
12:14:10
12:14:10
12:14:10
12:14:10
12:14:11
12:14:11
12:14:13
12:14:15
12:14:16
12:14:16
12:14:16
12:14:16
12:14:18
12:14:18
12:14:18
12:14:18
12:14:20
12:14:21
12:14:21
12:14:22
12:14:23
12:14:24
12:14:24
12:14:25
12:14:27
12:14:27
12:14:27
12:14:30
12:14:31
12:14:31
12:14:32
12:14:32
12:14:32
12:14:33
12:14:33
12:14:33
12:14:33
12:14:34
12:14:34
12:14:34
12:14:34
12:14:35
12:14:35
12:14:35
12:14:35
12:14:35
12:14:35
12:14:35
12:14:35
12:14:36
12:14:36
12:14:36
12:14:36
12:14:36
12:14:36
12:14:36
12:14:36
12:14:36
12:14:36
12:14:36
12:14:36
12:14:36
12:14:36
12:14:36
12:14:36
12:14:36
12:14:37
12:14:37
12:14:37
12:14:37
12:14:37
12:14:37
12:14:37
12:14:37
12:14:37
12:14:37
12:14:37
12:14:37
12:14:37
12:14:37
12:14:38
12:14:38
12:14:38
12:14:39
12:14:41
12:14:43
12:14:44
12:14:45
12:14:45
12:14:45
12:14:46
12:14:46
12:14:48
12:14:56
12:14:58
12:14:58
12:14:59
12:14:59
12:14:59
12:15:01
12:15:02
12:15:02
12:15:02
12:15:02
12:15:02
12:15:02
12:15:02
12:15:05
12:15:05
12:15:06
12:15:06
12:15:06
12:15:08
12:15:09
12:15:10
12:15:11
12:15:11
12:15:12
12:15:15
12:15:16
12:15:16
12:15:17
12:15:17
12:15:18
12:15:18
12:15:18
12:15:18
12:15:18
12:15:18
12:15:18
12:15:18
12:15:18
12:15:18
12:15:18
12:15:18
12:15:19
12:15:19
12:15:19
12:15:20
12:15:20
12:15:20
12:15:20
12:15:20
12:15:20
12:15:20
12:15:20
12:15:20
12:15:20
12:15:20
12:15:20
12:15:20
12:15:20
12:15:20
12:15:20
12:15:20
12:15:20
12:15:20
12:15:20
12:15:21
12:15:21
12:15:21
12:15:21
12:15:21
12:15:21
12:15:21
12:15:23
12:15:23
12:15:24
12:15:24
12:15:24
12:15:24
12:15:24
12:15:24
12:15:24
12:15:24
12:15:24
12:15:26
12:15:26
12:15:26
12:15:27
12:15:27
12:15:27
12:15:28
12:15:28
12:15:28
12:15:28
12:15:28
12:15:28
12:15:30
12:15:30
12:15:32
12:15:32
12:15:32
12:15:33
12:15:33
12:15:33
12:15:33
12:15:33
12:15:38
12:15:38
12:15:40
12:15:41
12:15:41
12:15:42
12:15:42
12:15:49
12:15:49
12:15:50
12:15:51
12:15:51
12:15:51
12:15:51
12:15:51
12:15:51
12:15:51
12:15:52
12:15:52
12:15:52
12:15:53
12:15:53
12:15:53
12:15:53
12:15:54
12:15:56
12:15:57
12:15:58
12:15:58
12:15:58
12:15:58
12:15:58
12:15:58
12:15:58
12:15:58
12:15:58
12:15:58
12:15:58
12:15:58
12:15:58
12:15:58
12:15:59
12:15:59
12:15:59
12:15:59
12:15:59
12:15:59
12:15:59
12:16:00
12:16:00
12:16:01
12:16:01
12:16:01
12:16:01
12:16:02
12:16:02
12:16:02
12:16:02
12:16:02
12:16:02
12:16:03
12:16:03
12:16:04
12:16:05
12:16:06
12:16:09
12:16:10
12:16:15
12:16:15
12:16:16
12:16:17
12:16:17
12:16:17
12:16:17
12:16:18
12:16:18
12:16:18
12:16:19
12:16:19
12:16:19
12:16:19
12:16:22
12:16:22
12:16:23
12:16:24
12:16:24
12:16:24
12:16:24
12:16:24
12:16:30
12:16:31
12:16:31
12:16:31
12:16:33
12:16:34
12:16:40
12:16:42
12:16:45
12:16:45
12:16:45
12:16:46
12:16:46
12:16:46
12:16:47
12:16:47
12:16:47
12:16:47
12:16:47
12:16:47
12:16:47
12:16:47
12:16:47
12:16:47
12:16:47
12:16:47
12:16:48
12:16:48
12:16:48
12:16:49
12:16:49
12:16:54
12:16:54
12:17:04
12:17:08
12:17:08
12:17:11
12:17:13
12:17:16
12:17:18
12:17:18
12:17:18
12:17:18
12:17:19
12:17:19
12:17:19
12:17:20
12:17:20
12:17:20
12:17:20
12:17:20
12:17:20
12:17:20
12:17:21
12:17:21
12:17:22
12:17:22
12:17:22
12:17:22
12:17:22
12:17:22
12:17:22
12:17:22
12:17:22
12:17:22
12:17:23
12:17:23
12:17:23
12:17:24
12:17:25
12:17:25
12:17:25
12:17:25
12:17:26
12:17:27
12:17:28
12:17:30
12:17:33
12:17:33
12:17:34
12:17:34
12:17:34
12:17:34
12:17:35
12:17:35
12:17:35
12:17:35
12:17:35
12:17:36
12:17:36
12:17:36
12:17:36
12:17:36
12:17:36
12:17:37
12:17:37
12:17:37
12:17:38
12:17:38
12:17:38
12:17:38
12:17:40
12:17:40
12:17:42
12:17:42
12:17:43
12:17:43
12:17:44
12:17:44
12:17:47
12:17:47
12:17:49
12:17:51
12:17:51
12:17:52
12:17:52
12:17:52
12:17:53
12:17:54
12:17:54
12:17:55
12:17:56
12:17:56
12:17:59
12:17:59
12:18:00
12:18:02
12:18:03
12:18:04
12:18:04
12:18:07
12:18:11
12:18:12
12:18:15
12:18:16
12:18:18
12:18:19
12:18:22
12:18:23
12:18:24
12:18:24
12:18:25
12:18:25
12:18:25
12:18:25
12:18:25
12:18:25
12:18:25
12:18:25
12:18:25
12:18:25
12:18:25
12:18:25
12:18:25
12:18:26
12:18:26
12:18:26
12:18:26
12:18:26
12:18:27
12:18:27
12:18:27
12:18:27
12:18:27
12:18:27
12:18:28
12:18:28
12:18:28
12:18:29
12:18:29
12:18:30
12:18:31
12:18:32
12:18:32
12:18:33
12:18:33
12:18:33
12:18:37
12:18:46
12:18:46
12:18:46
12:18:46
12:18:46
12:18:47
12:18:47
12:18:47
12:18:50
12:18:50
12:18:50
12:18:50
12:18:50
12:18:51
12:18:53
12:18:53
12:18:53
12:18:54
12:18:54
12:18:54
12:18:55
12:18:57
12:18:57
12:18:57
12:18:59
12:19:01
12:19:04
12:19:05
12:19:06
12:19:07
12:19:10
12:19:11
12:19:12
12:19:14
12:19:15
12:19:16
12:19:17
12:19:17
12:19:17
12:19:18
12:19:20
12:19:20
12:19:22
12:19:22
12:19:24
12:19:24
12:19:24
12:19:24
12:19:24
12:19:24
12:19:24
12:19:24
12:19:25
12:19:25
12:19:25
12:19:29
12:19:32
12:19:33
12:19:34
12:19:34
12:19:34
12:19:35
12:19:35
12:19:35
12:19:36
12:19:36
12:19:36
12:19:36
12:19:36
12:19:36
12:19:37
12:19:37
12:19:37
12:19:37
12:19:37
12:19:38
12:19:38
12:19:38
12:19:38
12:19:39
12:19:39
12:19:44
12:19:49
12:19:50
12:19:55
12:19:56
12:19:56
12:20:00
12:20:00
12:20:01
12:20:02
12:20:03
12:20:03
12:20:06
12:20:06
12:20:06
12:20:06
12:20:06
12:20:08
12:20:08
12:20:08
12:20:09
12:20:10
12:20:20
12:20:20
12:20:22
12:20:24
12:20:27
12:20:29
12:20:30
12:20:36
12:20:37
12:20:38
12:20:38
12:20:38
12:20:38
12:20:39
12:20:39
12:20:39
12:20:39
12:20:39
12:20:42
12:20:42
12:20:43
12:20:43
12:20:46
12:20:46
12:20:47
12:20:47
12:20:47
12:20:47
12:20:47
12:20:48
12:20:48
12:20:48
12:20:49
12:20:49
12:20:49
12:20:49
12:20:49
12:20:50
12:20:50
12:20:50
12:20:50
12:20:50
12:20:52
12:20:52
12:20:52
12:20:59
12:21:00
12:21:03
12:21:03
12:21:03
12:21:03
12:21:03
12:21:03
12:21:03
12:21:03
12:21:04
12:21:04
12:21:05
12:21:05
12:21:05
12:21:10
12:21:11
12:21:11
12:21:12
12:21:12
12:21:12
12:21:12
12:21:12
12:21:12
12:21:13
12:21:13
12:21:14
12:21:14
12:21:14
12:21:15
12:21:16
12:21:17
12:21:17
12:21:17
12:21:17
12:21:17
12:21:17
12:21:18
12:21:20
12:21:20
12:21:21
12:21:21
12:21:22
12:21:22
12:21:23
12:21:24
12:21:27
12:21:27
12:21:27
12:21:28
12:21:29
12:21:29
12:21:29
12:21:29
12:21:29
12:21:29
12:21:33
12:21:33
12:21:36
12:21:39
12:21:40
12:21:40
12:21:41
12:21:45
12:21:45
12:21:47
12:21:50
12:21:50
12:21:54
12:21:54
12:21:54
12:21:54
12:21:56
12:21:58
12:21:59
12:21:59
12:21:59
12:21:59
12:22:03
12:22:03
12:22:05
12:22:05
12:22:08
12:22:09
12:22:09
12:22:09
12:22:10
12:22:12
12:22:15
12:22:15
12:22:17
12:22:17
12:22:18
12:22:19
12:22:21
12:22:23
12:22:23
12:22:24
12:22:24
12:22:24
12:22:26
12:22:27
12:22:30
12:22:30
12:22:30
12:22:30
12:22:30
12:22:30
12:22:30
12:22:30
12:22:30
12:22:30
12:22:30
12:22:30
12:22:30
12:22:30
12:22:30
12:22:31
12:22:31
12:22:31
12:22:31
12:22:32
12:22:32
12:22:33
12:22:35
12:22:35
12:22:38
12:22:38
12:22:39
12:22:41
12:22:41
12:22:42
12:22:47
12:22:48
12:22:51
12:22:52
12:22:54
12:22:57
12:22:58
12:23:01
12:23:01
12:23:03
12:23:04
12:23:04
12:23:05
12:23:05
12:23:05
12:23:06
12:23:06
12:23:07
12:23:07
12:23:07
12:23:11
12:23:11
12:23:14
12:23:14
12:23:14
12:23:14
12:23:14
12:23:14
12:23:14
12:23:14
12:23:14
12:23:14
12:23:14
12:23:14
12:23:14
12:23:14
12:23:14
12:23:14
12:23:14
12:23:14
12:23:15
12:23:15
12:23:15
12:23:16
12:23:16
12:23:17
12:23:17
12:23:17
12:23:18
12:23:18
12:23:18
12:23:18
12:23:19
12:23:20
12:23:22
12:23:24
12:23:25
12:23:28
12:23:29
12:23:29
12:23:30
12:23:32
12:23:33
12:23:33
12:23:33
12:23:33
12:23:33
12:23:33
12:23:36
12:23:36
12:23:36
12:23:36
12:23:36
12:23:37
12:23:37
12:23:37
12:23:37
12:23:38
12:23:38
12:23:39
12:23:40
12:23:40
12:23:41
12:23:41
12:23:42
12:23:42
12:23:42
12:23:42
12:23:42
12:23:42
12:23:42
12:23:42
12:23:44
12:23:45
12:23:45
12:23:45
12:23:45
12:23:46
12:23:47
12:23:49
12:23:51
12:23:51
12:23:51
12:23:51
12:23:51
12:23:51
12:23:51
12:23:51
12:23:51
12:23:51
12:23:54
12:23:55
12:24:00
12:24:00
12:24:00
12:24:00
12:24:00
12:24:01
12:24:01
12:24:02
12:24:02
12:24:02
12:24:02
12:24:02
12:24:02
12:24:02
12:24:02
12:24:02
12:24:03
12:24:03
12:24:03
12:24:03
12:24:03
12:24:03
12:24:03
12:24:04
12:24:04
12:24:04
12:24:04
12:24:04
12:24:04
12:24:04
12:24:04
12:24:04
12:24:04
12:24:04
12:24:04
12:24:04
12:24:04
12:24:04
12:24:04
12:24:04
12:24:05
12:24:05
12:24:05
12:24:08
12:24:09
12:24:09
12:24:12
12:24:12
12:24:13
12:24:14
12:24:14
12:24:14
12:24:16
12:24:16
12:24:16
12:24:16
12:24:16
12:24:16
12:24:16
12:24:17
12:24:17
12:24:17
12:24:17
12:24:17
12:24:17
12:24:17
12:24:17
12:24:17
12:24:17
12:24:17
12:24:17
12:24:17
12:24:17
12:24:17
12:24:17
12:24:17
12:24:18
12:24:18
12:24:18
12:24:18
12:24:18
12:24:18
12:24:18
12:24:19
12:24:19
12:24:21
12:24:21
12:24:22
12:24:23
12:24:25
12:24:25
12:24:25
12:24:26
12:24:26
12:24:26
12:24:27
12:24:27
12:24:31
12:24:36
12:24:42
12:24:43
12:24:43
12:24:43
12:24:45
12:24:45
12:24:45
12:24:48
12:24:48
12:24:48
12:24:49
12:24:51
12:24:51
12:24:51
12:24:51
12:24:52
12:24:53
12:24:55
12:24:56
12:24:57
12:24:58
12:24:58
12:25:00
12:25:00
12:25:00
12:25:00
12:25:00
12:25:02
12:25:03
12:25:03
12:25:04
12:25:04
12:25:04
12:25:04
12:25:04
12:25:04
12:25:04
12:25:05
12:25:06
12:25:06
12:25:06
12:25:06
12:25:07
12:25:07
12:25:07
12:25:07
12:25:07
12:25:07
12:25:08
12:25:08
12:25:08
12:25:08
12:25:08
12:25:08
12:25:08
12:25:09
12:25:09
12:25:09
12:25:09
12:25:09
12:25:09
12:25:09
12:25:10
12:25:16
12:25:18
12:25:18
12:25:18
12:25:18
12:25:20
12:25:20
12:25:20
12:25:20
12:25:20
12:25:23
12:25:28
12:25:28
12:25:29
12:25:30
12:25:30
12:25:30
12:25:30
12:25:33
12:25:36
12:25:46
12:25:46
12:25:51
12:25:56
12:25:56
12:25:58
12:25:59
12:26:00
12:26:01
12:26:03
12:26:04
12:26:04
12:26:06
12:26:06
12:26:07
12:26:09
12:26:09
12:26:11
12:26:14
12:26:14
12:26:15
12:26:15
12:26:15
12:26:16
12:26:17
12:26:17
12:26:18
12:26:18
12:26:18
12:26:18
12:26:19
12:26:19
12:26:23
12:26:23
12:26:23
12:26:24
12:26:25
12:26:26
12:26:26
12:26:26
12:26:27
12:26:28
12:26:28
12:26:28
12:26:28
12:26:28
12:26:31
12:26:35
12:26:35
12:26:45
12:26:46
12:26:46
12:26:47
12:26:47
12:26:47
12:26:47
12:26:50
12:26:52
12:26:59
12:26:59
12:27:05
12:27:07
12:27:07
12:27:07
12:27:07
12:27:07
12:27:07
12:27:10
12:27:11
12:27:13
12:27:13
12:27:13
12:27:13
12:27:14
12:27:14
12:27:14
12:27:14
12:27:16
12:27:16
12:27:16
12:27:17
12:27:17
12:27:17
12:27:17
12:27:17
12:27:17
12:27:17
12:27:17
12:27:17
12:27:18
12:27:18
12:27:18
12:27:18
12:27:18
12:27:18
12:27:18
12:27:18
12:27:18
12:27:18
12:27:19
12:27:19
12:27:19
12:27:20
12:27:20
12:27:20
12:27:20
12:27:20
12:27:20
12:27:20
12:27:20
12:27:20
12:27:20
12:27:20
12:27:20
12:27:20
12:27:20
12:27:20
12:27:20
12:27:20
12:27:20
12:27:20
12:27:20
12:27:21
12:27:22
12:27:23
12:27:23
12:27:23
12:27:23
12:27:23
12:27:23
12:27:24
12:27:24
12:27:24
12:27:24
12:27:24
12:27:24
12:27:25
12:27:26
12:27:27
12:27:27
12:27:28
12:27:28
12:27:28
12:27:28
12:27:29
12:27:31
12:27:31
12:27:32
12:27:32
12:27:33
12:27:33
12:27:33
12:27:33
12:27:33
12:27:34
12:27:35
12:27:35
12:27:35
12:27:36
12:27:37
12:27:38
12:27:38
12:27:38
12:27:38
12:27:38
12:27:38
12:27:39
12:27:39
12:27:41
12:27:41
12:27:42
12:27:42
12:27:42
12:27:43
12:27:45
12:27:45
12:27:45
12:27:45
12:27:45
12:27:45
12:27:47
12:27:47
12:27:47
12:27:47
12:27:47
12:27:47
12:27:47
12:27:47
12:27:47
12:27:47
12:27:48
12:27:48
12:27:50
12:27:51
12:27:51
12:27:52
12:27:56
12:27:57
12:27:59
12:28:04
12:28:04
12:28:04
12:28:05
12:28:05
12:28:06
12:28:07
12:28:07
12:28:08
12:28:08
12:28:09
12:28:09
12:28:11
12:28:11
12:28:16
12:28:16
12:28:17
12:28:17
12:28:18
12:28:20
12:28:22
12:28:29
12:28:31
12:28:35
12:28:37
12:28:40
12:28:40
12:28:42
12:28:42
12:28:43
12:28:43
12:28:43
12:28:43
12:28:44
12:28:44
12:28:46
12:28:46
12:28:46
12:28:46
12:28:47
12:28:48
12:28:49
12:28:49
12:28:49
12:28:49
12:28:50
12:28:50
12:28:50
12:28:50
12:28:50
12:28:50
12:28:51
12:28:51
12:28:52
12:28:55
12:28:56
12:28:56
12:28:56
12:28:56
12:28:56
12:28:56
12:28:56
12:28:57
12:28:58
12:28:58
12:28:58
12:28:58
12:28:58
12:29:01
12:29:01
12:29:02
12:29:02
12:29:02
12:29:04
12:29:05
12:29:05
12:29:06
12:29:07
12:29:07
12:29:07
12:29:07
12:29:08
12:29:08
12:29:09
12:29:09
12:29:10
12:29:10
12:29:10
12:29:10
12:29:10
12:29:11
12:29:11
12:29:12
12:29:13
12:29:13
12:29:14
12:29:14
12:29:15
12:29:15
12:29:15
12:29:16
12:29:16
12:29:16
12:29:17
12:29:18
12:29:18
12:29:19
12:29:20
12:29:22
12:29:23
12:29:31
12:29:32
12:29:37
12:29:46
12:29:47
12:29:49
12:29:52
12:29:52
12:29:56
